cloud_array= [0.40020046, -0.32425874, -0.66445154;
  0.39300716, -0.32907701, -0.66575956;
  0.38541895, -0.33352351, -0.66635454;
  0.40292323, -0.31216168, -0.66623223;
  0.39556304, -0.31684041, -0.66722071;
  0.38852015, -0.32174164, -0.6687119;
  0.3808485, -0.32608134, -0.66907662;
  0.37177885, -0.32912353, -0.66686535;
  0.36278951, -0.33209336, -0.66462374;
  0.40629944, -0.30061823, -0.6691215;
  0.39863628, -0.30508482, -0.66958791;
  0.39028829, -0.30895287, -0.66881585;
  0.38246483, -0.31315511, -0.66884595;
  0.37502635, -0.3176139, -0.66948164;
  0.36659187, -0.32115054, -0.66824567;
  0.35821825, -0.32463115, -0.66698742;
  0.3495211, -0.32769635, -0.66497672;
  0.34084374, -0.33064243, -0.66283381;
  0.40935272, -0.28886744, -0.6715042;
  0.40120161, -0.29300168, -0.67113394;
  0.39315847, -0.2971364, -0.67084962;
  0.38433039, -0.30057883, -0.66910416;
  0.37615764, -0.30442762, -0.66836834;
  0.36803699, -0.30822769, -0.6676138;
  0.36075717, -0.31266344, -0.66830295;
  0.35278094, -0.31642848, -0.66762227;
  0.344037, -0.31938994, -0.66534579;
  0.33574468, -0.32264051, -0.66377968;
  0.3278304, -0.32614595, -0.66282678;
  0.32032734, -0.32997462, -0.66260076;
  0.41019219, -0.27566761, -0.67029601;
  0.40374053, -0.28097436, -0.67267066;
  0.39479071, -0.28448284, -0.67081207;
  0.38621497, -0.28814623, -0.66944432;
  0.37805733, -0.29202282, -0.66867793;
  0.36977851, -0.2957111, -0.66757917;
  0.36189926, -0.29962835, -0.6670891;
  0.3546254, -0.30398172, -0.66763687;
  0.3469373, -0.30791813, -0.6673308;
  0.33788595, -0.31052479, -0.66425067;
  0.33041042, -0.31446221, -0.66411978;
  0.32333499, -0.31872344, -0.6647259;
  0.31648508, -0.32317013, -0.66575575;
  0.30924749, -0.32717726, -0.66592103;
  0.30179265, -0.33088666, -0.66553682;
  0.41040653, -0.26224947, -0.66812336;
  0.40419596, -0.2676385, -0.67078376;
  0.39742345, -0.27265173, -0.67251605;
  0.38914794, -0.27658024, -0.67164123;
  0.38069007, -0.28028163, -0.67032808;
  0.37223652, -0.28388026, -0.66888702;
  0.3639622, -0.28751022, -0.66763353;
  0.35591736, -0.29122314, -0.66667604;
  0.34775946, -0.29474449, -0.66538084;
  0.34009701, -0.29859409, -0.66491771;
  0.33279878, -0.30269492, -0.66508257;
  0.32547843, -0.30671528, -0.66513044;
  0.31855109, -0.31105644, -0.6659236;
  0.31174242, -0.31548005, -0.66692936;
  0.30425173, -0.31915873, -0.66641104;
  0.29675218, -0.3227455, -0.66577035;
  0.28900802, -0.3259697, -0.66445857;
  0.40502995, -0.25474524, -0.66958249;
  0.39848417, -0.25985694, -0.67160392;
  0.39169663, -0.26479685, -0.67320836;
  0.38329828, -0.2685886, -0.67197192;
  0.37460709, -0.27206588, -0.67007983;
  0.36633667, -0.27573869, -0.66879714;
  0.35841203, -0.27957776, -0.66802466;
  0.34992039, -0.28287026, -0.66606009;
  0.34188578, -0.28642055, -0.6648196;
  0.33477443, -0.29066959, -0.66528052;
  0.32795405, -0.2951313, -0.66627425;
  0.32057431, -0.2990399, -0.66607267;
  0.31328148, -0.30296239, -0.66596836;
  0.30617237, -0.30700248, -0.66618145;
  0.29913908, -0.31106576, -0.66649646;
  0.29188874, -0.31484318, -0.66625464;
  0.28500217, -0.31895688, -0.6667757;
  0.27855024, -0.32353216, -0.66829044;
  0.40746069, -0.2429758, -0.67106414;
  0.39943177, -0.24715386, -0.67055529;
  0.39206722, -0.25167981, -0.67108279;
  0.38497418, -0.25633687, -0.67202431;
  0.37694865, -0.26031247, -0.67126274;
  0.36809546, -0.26360929, -0.66888559;
  0.36036012, -0.26760313, -0.66840309;
  0.35266948, -0.27155361, -0.66790545;
  0.34474468, -0.2752389, -0.66685426;
  0.33687338, -0.27887344, -0.66578436;
  0.32964617, -0.28296492, -0.66588962;
  0.32213342, -0.28674304, -0.66533184;
  0.31497338, -0.29076666, -0.66541612;
  0.30799538, -0.2949053, -0.6658206;
  0.30089137, -0.29887035, -0.66588855;
  0.29415733, -0.30315745, -0.666722;
  0.28758067, -0.3075802, -0.66788626;
  0.28073061, -0.31167912, -0.66838253;
  0.27472329, -0.31670654, -0.67088747;
  0.40922725, -0.23089351, -0.67148829;
  0.4027873, -0.23602381, -0.67358685;
  0.39423764, -0.2398634, -0.67208976;
  0.38606, -0.24383382, -0.6710999;
  0.37811917, -0.24786906, -0.67041016;
  0.36987343, -0.25161472, -0.66906118;
  0.36197993, -0.25550824, -0.66822743;
  0.35453808, -0.25964618, -0.66813099;
  0.34707689, -0.26370454, -0.66791457;
  0.33921194, -0.26737624, -0.66681653;
  0.33178049, -0.27130777, -0.6664632;
  0.32449499, -0.27529079, -0.66631597;
  0.31703502, -0.27905443, -0.66571838;
  0.31002784, -0.28315178, -0.66598898;
  0.30304644, -0.28722146, -0.66625249;
  0.29599148, -0.2911669, -0.66628706;
  0.28915852, -0.2952798, -0.66675931;
  0.28244025, -0.29947025, -0.66745079;
  0.27610803, -0.30405009, -0.66903836;
  0.27013719, -0.30903986, -0.67153227;
  0.40947413, -0.21810105, -0.66946721;
  0.40340048, -0.22337484, -0.67207086;
  0.39637908, -0.22810914, -0.67308587;
  0.38795981, -0.23197222, -0.6716404;
  0.37978715, -0.23588771, -0.67049336;
  0.37173253, -0.23978648, -0.66943359;
  0.36385137, -0.2437107, -0.66857016;
  0.35659945, -0.2479872, -0.6687727;
  0.34920871, -0.25210816, -0.66863942;
  0.34151995, -0.25594103, -0.66783953;
  0.33387929, -0.25972736, -0.66702342;
  0.32671714, -0.26381543, -0.66707087;
  0.3195864, -0.26787105, -0.66710901;
  0.31222701, -0.27166891, -0.66658407;
  0.30521318, -0.27570271, -0.66671336;
  0.29822713, -0.27970707, -0.66683483;
  0.29141486, -0.28382531, -0.66728485;
  0.28457528, -0.28787148, -0.66761768;
  0.27789828, -0.29204094, -0.66828382;
  0.2716499, -0.29664248, -0.66996694;
  0.4114202, -0.20634906, -0.67027056;
  0.40460086, -0.21120295, -0.67158473;
  0.39786035, -0.21607192, -0.67300302;
  0.39013743, -0.22036141, -0.67270291;
  0.38196814, -0.22432001, -0.67152703;
  0.37397817, -0.22829624, -0.67054689;
  0.36598331, -0.23218271, -0.66943955;
  0.35839429, -0.23624645, -0.66896617;
  0.35113585, -0.24046351, -0.66902483;
  0.34374166, -0.24452589, -0.66874433;
  0.33610928, -0.24834469, -0.66790104;
  0.328906, -0.25240904, -0.66781509;
  0.32168305, -0.25639609, -0.6676079;
  0.31386602, -0.25982612, -0.66605425;
  0.30703378, -0.26399717, -0.66649103;
  0.30042577, -0.26832342, -0.6673708;
  0.29358414, -0.27240214, -0.6676861;
  0.28686258, -0.27654842, -0.66822159;
  0.27992204, -0.28043473, -0.66818649;
  0.27352071, -0.28482363, -0.66939533;
  0.26767036, -0.28979257, -0.67197669;
  0.41116989, -0.19363952, -0.66754347;
  0.40530559, -0.19891447, -0.67032516;
  0.39904782, -0.20399719, -0.67247045;
  0.39184842, -0.20857251, -0.67300218;
  0.38405961, -0.21277486, -0.67244375;
  0.37601414, -0.21675521, -0.6713267;
  0.36838466, -0.22089651, -0.67084402;
  0.36050537, -0.22481002, -0.6697998;
  0.35279584, -0.2287467, -0.66895676;
  0.34547746, -0.23286541, -0.66875839;
  0.33819646, -0.23694627, -0.66854846;
  0.3305124, -0.24066944, -0.66743898;
  0.32331234, -0.24466923, -0.66720319;
  0.315777, -0.24834061, -0.66617364;
  0.3086549, -0.25226182, -0.66591334;
  0.30192477, -0.25645074, -0.66643113;
  0.2953651, -0.26074857, -0.66728359;
  0.28886825, -0.26507312, -0.66824782;
  0.28209409, -0.26910657, -0.66852814;
  0.27557772, -0.27334785, -0.66937476;
  0.26944152, -0.27795243, -0.67113847;
  0.40569943, -0.186634, -0.66860437;
  0.39935678, -0.19162619, -0.67051089;
  0.39238521, -0.19629142, -0.671336;
  0.38524985, -0.2008329, -0.67182916;
  0.37771332, -0.20511031, -0.67155057;
  0.36997688, -0.2092092, -0.67082059;
  0.36223, -0.21322501, -0.66996443;
  0.35429972, -0.2170483, -0.66865015;
  0.34671468, -0.22099936, -0.66786963;
  0.33985537, -0.2253533, -0.6684072;
  0.33240885, -0.22925946, -0.66771185;
  0.32533422, -0.23335618, -0.66767371;
  0.31818485, -0.23733908, -0.66740155;
  0.31128156, -0.24144837, -0.66756964;
  0.30440557, -0.24552789, -0.66773045;
  0.29755637, -0.24957821, -0.66788411;
  0.29093176, -0.25377274, -0.66848713;
  0.28408173, -0.25772506, -0.66851473;
  0.27763963, -0.26200733, -0.6694541;
  0.2715342, -0.2665942, -0.6712001;
