cloud_array= [0.11013839, 0.11716565, 0.85678345;
  0.11897974, 0.11691924, 0.85453373;
  0.10025637, 0.12527208, 0.85003418;
  0.10937984, 0.12538798, 0.85040915;
  0.11834885, 0.12532407, 0.84953421;
  0.12671171, 0.12467433, 0.84465975;
  0.13502368, 0.12406535, 0.84003526;
  0.099579096, 0.13338344, 0.84378487;
  0.10862442, 0.13348709, 0.84403485;
  0.11742542, 0.13329895, 0.84241003;
  0.12605406, 0.13295712, 0.83978528;
  0.13447899, 0.13246134, 0.83616066;
  0.14290468, 0.13202932, 0.83291101;
  0.15136673, 0.13168103, 0.83016133;
  0.089923956, 0.14124902, 0.83716059;
  0.098757163, 0.14116392, 0.83628565;
  0.10751809, 0.1409993, 0.83491081;
  0.11641808, 0.14102955, 0.83466083;
  0.12511869, 0.14083248, 0.83303601;
  0.13351619, 0.14034432, 0.82966137;
  0.14183393, 0.1398396, 0.82616174;
  0.15025108, 0.13948765, 0.82353699;
  0.158362, 0.13890751, 0.81953746;
  0.072745606, 0.15139581, 0.84428477;
  0.080848508, 0.14979312, 0.8350358;
  0.089488789, 0.14940548, 0.83253604;
  0.098056115, 0.1489778, 0.82978636;
  0.10681703, 0.1488917, 0.82891142;
  0.11548357, 0.14869849, 0.82741159;
  0.12394257, 0.14828561, 0.82466191;
  0.13235582, 0.14787766, 0.82191217;
  0.14074562, 0.14749718, 0.81928748;
  0.1491396, 0.14716674, 0.81691271;
  0.15759501, 0.14693157, 0.81503791;
  0.16612892, 0.14679191, 0.81366307;
  0.17486599, 0.14683832, 0.81328809;
  0.071238257, 0.15702312, 0.82616174;
  0.080157712, 0.15729539, 0.8272866;
  0.088841446, 0.1570978, 0.82591176;
  0.097402275, 0.15673895, 0.82366198;
  0.10582902, 0.15624246, 0.82066232;
  0.11422054, 0.15577479, 0.81778765;
  0.12261915, 0.15538365, 0.81528789;
  0.13115862, 0.15521224, 0.81391305;
  0.13957518, 0.15492705, 0.81191325;
  0.14798656, 0.15467116, 0.81003845;
  0.15637338, 0.15442073, 0.80816364;
  0.16504304, 0.15446272, 0.80778873;
  0.17383009, 0.15460649, 0.80791366;
  0.18221505, 0.15439755, 0.80616385;
  0.19037473, 0.15402681, 0.80353916;
  0.06151418, 0.16327603, 0.81328809;
  0.070411056, 0.16385829, 0.81591284;
  0.079384342, 0.1644716, 0.81866252;
  0.088089064, 0.16446298, 0.81828755;
  0.096573822, 0.16408308, 0.81603783;
  0.10485984, 0.1634571, 0.81253821;
  0.11313479, 0.16291176, 0.80941355;
  0.1216372, 0.16274914, 0.80816364;
  0.13008565, 0.1625419, 0.80666381;
  0.13840845, 0.1622144, 0.80453902;
  0.14672321, 0.16191769, 0.80253929;
  0.15503494, 0.16165194, 0.80066448;
  0.16373189, 0.16179611, 0.80078948;
  0.17239565, 0.16189629, 0.80066448;
  0.18076462, 0.16172478, 0.79916459;
  0.18947656, 0.16186334, 0.79916459;
  0.19802371, 0.16185677, 0.79841471;
  0.052598644, 0.17101476, 0.80866361;
  0.061198954, 0.17101383, 0.80841362;
  0.069952548, 0.17138897, 0.80991346;
  0.078625143, 0.17150557, 0.81016344;
  0.087069772, 0.17115168, 0.80816364;
  0.095392674, 0.17064451, 0.80541396;
  0.10378033, 0.17032827, 0.80353916;
  0.1121917, 0.1700972, 0.80203933;
  0.12067734, 0.17000461, 0.80116439;
  0.12901618, 0.16973233, 0.79941458;
  0.13730986, 0.16943938, 0.79753977;
  0.14566952, 0.16925864, 0.79616493;
  0.15411231, 0.16919045, 0.79529005;
  0.16260417, 0.16918185, 0.7946651;
  0.17123501, 0.16931298, 0.7946651;
  0.17982824, 0.1693978, 0.79441512;
  0.18855475, 0.1695963, 0.7946651;
  0.19712169, 0.16964191, 0.79416513;
  0.2056029, 0.1696146, 0.79329026;
  0.21408843, 0.16959448, 0.79241532;
  0.052437447, 0.17902674, 0.80541396;
  0.060952157, 0.17885886, 0.80441403;
  0.069463842, 0.17872471, 0.80353916;
  0.077965096, 0.1785965, 0.80266422;
  0.08626803, 0.17808481, 0.80003953;
  0.094569072, 0.17766233, 0.79778975;
  0.10288098, 0.1773292, 0.79591495;
  0.11126915, 0.17716919, 0.79479009;
  0.11957005, 0.17690383, 0.79316527;
  0.12784916, 0.17664459, 0.79154044;
  0.13627958, 0.17661479, 0.79091549;
  0.14459702, 0.17645189, 0.78966564;
  0.15297607, 0.17637931, 0.7887907;
  0.16160901, 0.1765931, 0.78916568;
  0.17048366, 0.17703806, 0.79054052;
  0.17915238, 0.17723863, 0.7907905;
  0.18752018, 0.17713828, 0.78966564;
  0.19600882, 0.17715737, 0.78904068;
  0.20476544, 0.17740862, 0.78941566;
  0.035119168, 0.18660089, 0.80091441;
  0.043621, 0.18649966, 0.80028951;
  0.052131783, 0.18646282, 0.79991454;
  0.060593911, 0.18628649, 0.79891467;
  0.0689881, 0.18597053, 0.79728985;
  0.077307239, 0.18554403, 0.79516506;
  0.085576452, 0.18509434, 0.79291528;
  0.093866631, 0.18476747, 0.79116547;
  0.10219459, 0.18456358, 0.78991562;
  0.11043711, 0.18424912, 0.78816581;
  0.11857889, 0.18382399, 0.78591603;
  0.12690762, 0.18372683, 0.78504115;
  0.13529617, 0.18372411, 0.78454119;
  0.14362018, 0.18364041, 0.78366625;
  0.15194117, 0.18356355, 0.78279138;
  0.16054186, 0.18381627, 0.78329134;
  0.16946812, 0.1843995, 0.78516614;
  0.17822748, 0.18475598, 0.78604102;
  0.18613498, 0.18423846, 0.78316635;
  0.19474654, 0.18443395, 0.78329134;
  0.20377262, 0.18499106, 0.78491616;
  0.034744412, 0.19296932, 0.79141545;
  0.043253563, 0.19332013, 0.7926653;
  0.051762726, 0.19355558, 0.79341525;
  0.060114365, 0.19321822, 0.79179043;
  0.068438746, 0.1928871, 0.7901656;
  0.076675825, 0.19240972, 0.78791583;
  0.084900789, 0.1919997, 0.78591603;
  0.093196571, 0.19180976, 0.78479117;
  0.10138174, 0.19144306, 0.78291637;
  0.10957315, 0.1911439, 0.78129154;
  0.11772298, 0.19082071, 0.77954173;
  0.1259494, 0.19065718, 0.77841681;
  0.13433817, 0.19074555, 0.77829188;
  0.14271627, 0.19081052, 0.7780419;
  0.15108061, 0.19085214, 0.77766693;
  0.15947939, 0.19093192, 0.77741694;
  0.16807967, 0.19123434, 0.7780419;
  0.17625879, 0.19105296, 0.776667;
  0.18463603, 0.19109446, 0.77616709;
  0.1935212, 0.19163674, 0.77766693;
  0.026175261, 0.20022516, 0.786291;
  0.034612354, 0.20055276, 0.78741586;
  0.043037698, 0.20069619, 0.78779083;
  0.051395386, 0.20052788, 0.78691596;
  0.05969362, 0.20020698, 0.78541607;
  0.067902252, 0.19970141, 0.78316635;
  0.07602226, 0.19907479, 0.78041661;
  0.084173456, 0.19864592, 0.77841681;
  0.092395559, 0.198447, 0.77729195;
  0.1004745, 0.19799942, 0.77516717;
  0.10871221, 0.19790986, 0.77441728;
  0.11690827, 0.19776337, 0.77341735;
  0.12511615, 0.19765598, 0.77254248;
  0.13342719, 0.19771573, 0.77229249;
  0.14165601, 0.19765493, 0.77154255;
  0.14986022, 0.19756953, 0.77066767;
  0.15829328, 0.19778027, 0.77091765;
  0.16669573, 0.19793499, 0.77091765;
  0.17500359, 0.19796933, 0.77041769;
  0.18373725, 0.19846188, 0.77166754;
  0.19273753, 0.1991888, 0.77379233;
  0.026034722, 0.20736414, 0.78091657;
  0.034454353, 0.20790479, 0.78279138;
  0.042789347, 0.20782176, 0.78229141;
  0.051037911, 0.20741357, 0.7805416;
  0.059170179, 0.20671311, 0.77766693;
  0.06732434, 0.20625193, 0.77566713;
  0.075468257, 0.205864, 0.77391732;
  0.083583675, 0.20548287, 0.7721675;
  0.091686219, 0.20514193, 0.77054268;
  0.099796876, 0.2048745, 0.76916784;
  0.10790698, 0.20464744, 0.76791799;
  0.11600241, 0.20442751, 0.76666808;
  0.12424613, 0.20448165, 0.7664181;
  0.13249855, 0.20454347, 0.76616818;
  0.1407146, 0.20454624, 0.76566821;
  0.14893579, 0.20455696, 0.76516825;
  0.15726578, 0.20470929, 0.76516825;
  0.16553262, 0.20476961, 0.76479328;
  0.17398082, 0.20503926, 0.76516825;
  0.18281481, 0.20571995, 0.76704305;
  0.0093117785, 0.21382335, 0.77366734;
  0.017544871, 0.21354221, 0.77254248;
  0.02583692, 0.21392463, 0.77379233;
  0.034154605, 0.21427988, 0.77491719;
  0.04240571, 0.21415855, 0.77429229;
  0.050575752, 0.21373314, 0.77254248;
  0.058676969, 0.21317641, 0.7702927;
  0.066813484, 0.21286887, 0.76891786;
  0.074965365, 0.21267231, 0.76791799;
  0.083023541, 0.21227518, 0.76616818;
  0.091024183, 0.21181592, 0.76416838;
  0.099089816, 0.21157172, 0.76291847;
  0.10715756, 0.21136956, 0.76179361;
  0.11527015, 0.21127899, 0.76104367;
  0.12344061, 0.21130027, 0.76066875;
  0.13163868, 0.21136416, 0.76041877;
  0.13968541, 0.21119285, 0.75929385;
  0.14799155, 0.2114121, 0.75954384;
  0.15629442, 0.2116051, 0.75966883;
  0.16456386, 0.21173713, 0.75954384;
  0.17330484, 0.21243589, 0.76141864;
